

#################################################################################################################
                                     Instance Name           Movement (microns)        Orig Loc        New Loc
#################################################################################################################
                                       t_op/U2/U57                33.6       (875, 668.2)       (841.4, 668.2)
                                       t_op/U2/U49                29.4       (873.6, 681.2)       (903, 681.2)
                                      t_op/U2/U161                28.4       (767.2, 668.2)       (782.6, 655.2)
                                      CLK_P__L3_I5                  26       (868, 603.2)       (868, 629.2)
                                         t_op/U656                22.4       (736.4, 811.2)       (758.8, 811.2)
                                     CLK_P__L3_I11                21.4       (865.2, 694.2)       (856.8, 681.2)
                                         t_op/U310                  21       (533.4, 720.2)       (512.4, 720.2)
                      t_op/FE_DBTC2_Rom_Address_3_                19.6       (534.8, 694.2)       (515.2, 694.2)
                                      t_op/U2/U175                18.2       (732.2, 512.2)       (714, 512.2)
