1000
1000
1010
1010
0000
0111
1011
1000
0110
0111
1101
1001
0000
0110
1111
1000
0100
0111
1001
1000
0010
0110
1111
1001
0001
0111
1011
1000
0110
0111
1101
1001
0000
0110
1111
1000
0100
0111
1001
1000
0010
0110
1111
1001
0001
0111
1011
1000
0110
0111
1101
1001
0000
0110
1111
1000
0100
0111
1001
1000
0010
0110
1111
1001
0001
0111
1011
1000
0110
0111
1101
1001
0000
0110
1111
1000
0100
0111
0110
0111
1101
1001
0000
0110
1111
1000
0100
0111
0110
0111
1101
1001
0000
0110
1111
1000
0100
0111
1001
1000
0010
