1000
1000
1000
0111
0100
0110
1111
1001
0000
0110
1101
1000
0110
1000
1011
1001
0000
0110
1111
1001
0010
0111
1001
0111
0100
0110
1111
1001
0000
0110
1101
1000
0110
1000
1011
1001
0000
0110
1111
1001
0010
0111
1001
0111
0100
0110
1111
1001
0000
0110
1101
1000
0110
1000
1011
1001
0000
0110
1111
1001
0010
0111
1001
0111
0100
0110
1111
1001
0000
0110
1101
1000
0110
1000
1011
1001
0000
0110
1111
1001
0010
0111
1001
0111
0100
0110
1111
1001
0000
0110
1101
1000
0110
1000
1011
1001
0000
0110
1111
1001
0010
